0 588
1 806
2 465
4 685
5 183
6 167
8 473
8 183
9 820
11 473
12 272
13 210
14 125
15 78
15 431
15 682
16 78
18 820
18 386
19 453
19 4398
20 278
20 38
20 161
20 475
20 322
20 265
21 741
23 806
24 583
24 224
24 565
24 465
24 219
25 685
26 545
27 68
28 555
28 679
29 182
29 544
30 576
30 233
31 656
32 505
33 720
33 322
34 473
36 78
36 219
37 183
37 206
38 278
39 445
39 407
39 535
40 473
40 77
41 707
42 409
43 707
44 82
45 708
45 473
45 1355
46 820
47 535
49 551
50 526
50 170
50 1355
50 121
51 465
52 473
52 206
53 576
53 61
53 223
54 206
54 473
54 3261
54 1355
55 55
56 59
57 612
58 233
58 9
59 59
60 679
61 801
62 183
63 519
64 218
64 265
65 321
66 206
66 473
66 3261
66 1355
67 218
67 210
68 283
69 68
70 301
70 495
71 259
71 93
72 473
72 170
72 334
73 321
74 82
74 683
75 662
76 369
77 473
77 1355
78 583
78 278
78 594
78 446
79 206
79 201
79 506
80 473
80 259
80 1355
83 819
83 545
84 805
84 38
84 475
86 291
87 173
88 334
89 76
90 3648
91 166
91 708
91 565
91 473
91 269
91 93
91 121
92 475
92 18
93 473
94 110
95 495
96 607
96 715
97 218
98 78
98 594
98 466
98 465
99 301
99 38
99 801
100 583
100 773
101 327
101 552
101 551
102 721
103 558
104 741
105 583
105 278
105 594
105 446
106 278
106 473
107 565
107 465
108 583
108 773
109 546
112 453
112 369
112 672
112 695
113 565
113 465
114 22
115 206
115 473
115 3261
115 1355
116 1619
116 272
117 117
118 708
118 473
118 233
119 3265
120 220
121 583
121 386
122 226
123 269
123 594
123 473
124 801
124 18
124 576
126 158
127 233
127 265
129 206
129 164
130 607
131 721
132 3
132 161
132 322
133 704
134 174
135 473
135 1355
136 707
137 289
137 219
137 341
138 327
138 552
139 412
140 265
140 227
141 369
141 672
142 708
142 473
142 1355
142 334
143 260
144 576
144 801
144 210
144 782
146 261
146 291
146 183
147 459
147 643
149 583
149 386
149 446
150 752
151 721
152 265
152 576
152 18
152 183
152 296
152 805
152 9
153 289
154 563
155 18
155 18
156 643
157 594
159 81
160 815
161 820
162 1619
166 585
167 1154
168 369
168 173
169 48
169 474
170 1355
171 110
172 206
172 801
173 301
175 805
175 38
175 145
175 1154
175 545
176 261
176 386
176 812
176 183
176 18
177 183
177 600
177 562
177 18
178 206
178 473
178 1355
179 474
180 865
181 473
183 386
184 170
184 318
184 1355
186 35
186 261
186 782
186 183
186 18
187 233
188 415
189 265
190 724
191 583
191 386
191 446
192 473
193 208
194 279
195 715
196 799
197 465
197 125
198 672
199 465
199 125
200 10
202 535
204 220
205 82
206 213
206 1328
207 820
209 283
210 301
210 801
211 603
212 78
212 157
212 409
214 301
214 820
214 1171
214 473
214 1355
215 183
216 473
217 78
217 62
217 392
217 121
217 628
221 170
221 578
222 623
222 228
223 301
224 219
225 535
226 208
227 415
229 662
230 183
230 750
231 4132
232 605
232 120
232 220
234 245
234 22
234 731
235 206
235 473
236 301
237 607
237 715
238 77
239 291
240 486
242 82
242 683
243 279
244 806
244 10
245 707
246 301
247 761
248 301
249 594
250 232
250 233
251 291
252 495
253 208
254 233
255 278
256 578
257 259
258 35
258 782
258 183
258 18
259 708
259 206
259 473
259 1355
259 446
261 473
261 183
262 383
263 233
263 321
264 1149
266 673
268 1355
269 473
270 78
271 662
271 643
272 1619
273 662
274 208
275 148
276 806
279 773
280 473
280 1355
281 286
282 752
282 206
282 334
282 412
283 1922
284 685
285 812
286 505
287 819
287 545
288 526
290 753
290 473
290 1355
291 35
291 782
291 183
291 18
292 389
292 693
293 445
293 407
293 535
294 385
295 453
297 733
298 663
301 1619
301 272
302 1171
302 1328
303 806
304 474
305 558
306 619
306 617
307 111
308 605
308 120
308 220
309 233
309 321
311 278
311 473
311 1638
311 1355
312 55
313 535
314 166
314 708
314 565
314 473
314 269
314 93
314 121
316 171
317 465
317 249
318 526
318 170
318 1355
319 643
320 473
320 753
323 583
324 158
325 322
326 535
327 551
328 385
328 389
328 9
328 693
328 328
328 750
329 397
329 473
330 806
330 10
331 78
331 185
331 594
331 233
331 22
332 218
332 210
333 3066
333 3265
334 473
334 170
335 749
335 183
336 486
337 337
337 708
338 67
338 9
338 750
339 278
340 692
340 259
341 289
342 806
342 10
343 805
343 38
343 145
343 1154
343 545
344 504
344 170
344 676
344 334
345 459
345 380
345 643
346 170
346 318
347 142
347 824
347 259
348 322
348 455
349 291
349 183
350 315
351 283
352 389
352 67
352 9
352 693
352 750
353 55
354 535
354 473
354 265
355 232
355 120
356 369
357 819
359 806
360 301
360 272
361 820
361 272
361 278
362 532
363 208
364 505
365 798
365 365
365 651
366 583
366 78
366 594
366 157
367 237
367 607
368 286
368 596
368 505
370 708
370 473
371 278
371 35
371 261
371 812
371 386
371 183
372 272
373 301
373 820
373 1171
373 473
373 1355
374 729
375 265
377 749
377 183
378 206
379 327
379 552
379 551
380 459
380 643
381 163
382 3
382 213
382 535
382 301
382 38
382 820
382 223
384 765
385 617
385 265
386 278
387 301
387 272
388 530
390 583
390 446
391 473
391 1355
391 268
391 749
391 265
392 385
392 561
392 37
392 121
393 617
394 594
395 819
395 824
395 261
395 110
396 530
398 142
398 259
398 824
399 279
399 594
400 170
401 455
402 3638
402 102
402 637
403 206
403 1355
403 265
404 386
404 183
405 1355
406 265
407 445
408 473
410 473
410 1465
411 819
411 385
411 294
411 824
411 377
411 9
411 261
411 291
411 545
411 183
411 613
412 707
413 3568
414 301
414 272
416 385
417 369
418 464
418 183
419 78
419 322
420 289
421 369
422 585
423 473
423 1355
426 473
426 1355
426 218
426 545
427 385
427 473
427 1355
427 183
428 272
428 235
428 545
429 161
430 283
431 682
432 237
432 485
433 278
433 473
434 765
436 465
437 453
438 1916
439 385
439 3
440 440
441 409
442 233
443 446
444 128
445 321
447 301
447 708
447 268
448 453
449 111
450 473
451 565
452 559
453 1759
453 369
453 672
454 203
454 477
455 322
455 565
456 289
457 623
458 267
460 565
460 465
461 659
462 167
463 315
464 183
466 583
467 232
467 120
468 617
468 265
469 782
470 358
471 473
471 170
471 334
472 565
472 465
475 265
476 259
476 93
477 535
478 213
479 473
480 565
481 4132
482 269
482 594
482 473
484 78
484 594
484 185
485 219
487 425
488 806
489 1171
489 206
489 708
489 473
489 259
489 170
489 318
489 334
490 206
491 158
492 535
492 213
493 157
494 752
494 585
494 121
494 279
494 573
495 272
496 167
497 820
497 272
497 278
498 819
499 708
500 301
501 301
502 213
503 278
503 473
504 334
504 72
506 337
507 473
508 78
508 594
508 185
509 1355
509 218
510 662
510 273
511 535
511 473
512 272
513 473
513 545
514 218
515 82
516 89
516 424
517 473
517 334
518 183
520 286
520 596
520 505
521 321
522 749
522 183
523 473
524 485
525 321
527 576
527 61
529 310
533 233
534 617
534 473
536 679
538 453
539 78
539 731
540 555
541 607
542 558
543 272
544 752
545 385
545 473
546 321
549 301
549 165
550 369
550 559
551 327
551 552
553 619
553 617
554 369
554 473
554 259
556 753
556 473
556 1355
557 208
560 766
560 289
560 341
562 183
562 18
564 142
564 473
565 465
566 48
568 206
568 473
568 3261
568 1355
569 183
569 799
569 322
571 1578
572 552
572 551
574 206
574 3947
575 535
575 326
577 206
579 206
579 265
580 583
580 455
580 301
581 473
581 385
581 161
582 206
583 446
584 206
585 558
586 232
586 693
587 663
589 183
590 760
591 801
592 475
593 528
595 708
595 473
595 1355
595 268
595 749
595 265
596 505
597 486
598 1328
598 701
599 693
599 548
600 261
600 183
600 18
601 459
601 643
602 121
603 301
604 535
604 321
605 376
605 430
606 301
607 715
608 182
609 607
610 767
610 1
611 226
611 208
613 261
614 170
615 301
615 708
615 749
615 268
615 85
616 546
616 535
618 607
618 715
619 1676
620 167
621 206
622 182
623 721
624 868
625 158
626 583
626 224
626 565
626 465
626 219
627 78
629 535
629 630
631 265
632 301
632 820
632 1171
632 1355
633 301
634 748
635 322
635 565
636 636
638 638
638 3146
639 232
639 120
640 617
641 594
641 720
641 455
642 78
644 81
644 121
644 159
644 183
644 799
644 322
644 265
645 473
646 409
647 692
648 459
648 380
648 643
649 3265
649 689
650 35
650 183
650 386
650 121
651 365
651 798
652 652
653 535
653 283
653 241
654 600
655 655
655 749
657 233
658 612
661 78
661 594
661 466
661 465
662 662
664 369
665 806
666 473
666 269
667 820
668 111
669 1149
669 495
670 578
671 10
672 369
674 531
675 662
676 473
676 170
677 385
678 82
678 1503
678 1534
678 1165
679 679
680 385
681 708
684 465
685 409
686 142
686 824
686 259
687 662
688 164
689 3265
690 78
690 594
690 36
691 301
692 206
692 473
692 259
692 334
694 473
694 259
695 278
696 1916
696 289
696 341
697 547
698 206
699 687
700 483
702 473
702 386
703 218
703 210
705 321
706 466
706 108
707 585
708 206
708 473
708 3261
708 1355
709 617
710 322
711 567
712 358
713 570
714 185
714 594
714 473
714 233
714 22
716 436
716 301
717 277
718 301
719 110
720 125
722 771
723 558
725 663
726 10
727 67
727 9
727 750
728 612
730 321
731 22
731 707
732 218
732 265
734 78
734 185
734 594
734 233
734 22
735 473
736 327
736 552
737 537
737 737
738 738
739 466
739 108
740 721
741 301
741 473
742 206
742 164
743 511
744 467
744 724
744 232
745 206
745 473
745 129
746 607
747 472
749 206
749 1536
749 85
750 299
750 416
750 261
750 183
751 55
753 473
753 170
754 111
755 662
756 662
757 424
758 473
758 167
759 3
760 436
760 301
762 473
762 762
762 233
763 213
764 369
765 321
766 1916
766 289
766 341
768 473
769 660
770 617
770 265
771 182
772 535
773 773
773 121
773 455
774 301
775 486
776 473
777 167
778 548
778 183
778 386
778 812
779 3
779 535
780 824
781 453
781 448
782 301
782 38
782 801
782 210
782 321
783 708
783 206
784 22
785 78
786 425
787 279
788 62
788 183
788 799
789 3146
789 3494
790 533
791 301
791 265
791 567
791 12
792 662
793 820
793 386
794 551
795 1305
796 226
797 617
797 385
797 819
797 473
797 183
797 799
799 62
799 782
800 121
800 462
802 819
802 824
802 261
802 110
803 321
804 535
806 663
807 208
808 495
808 761
809 278
809 473
810 535
811 82
811 205
813 17
813 206
813 265
814 171
815 161
815 475
815 322
815 605
816 663
817 708
818 233
818 183
818 467
818 750
819 617
819 265
820 301
820 272
821 820
821 473
822 7
822 1657
822 300
822 2142
823 299
824 819
824 801
824 545
825 1591
825 1585
825 1618
825 1403
825 1455
827 1118
827 1619
828 963
829 1427
829 1050
830 473
830 1355
831 1381
831 4366
832 3903
832 4366
833 1341
833 1159
834 868
834 1427
834 1160
834 826
835 882
836 1149
837 1167
837 1211
837 969
838 864
839 1565
839 868
839 3124
840 1171
841 942
841 1077
841 1005
842 1345
842 1309
842 1567
842 1463
842 1034
843 3894
844 1476
844 1095
845 1220
847 849
848 1089
850 988
851 1598
852 1220
853 2843
853 1211
853 1298
853 1463
854 1118
855 1345
855 1309
855 1567
855 1463
855 1034
856 1399
856 1268
856 1034
856 1109
857 1343
858 1565
859 832
860 1034
861 942
861 2233
861 1447
862 1118
864 1165
865 1015
865 1427
865 868
866 986
867 1097
868 1273
869 1338
869 1403
870 1004
871 1273
871 868
872 1076
872 969
873 2067
873 1149
873 1619
874 1528
875 1167
875 1463
876 892
876 969
876 1416
876 1650
877 1491
878 1167
878 878
878 1252
878 1571
878 969
878 1322
879 882
879 1190
879 1669
879 1410
879 1601
879 1360
879 1119
880 465
881 964
883 917
883 1395
883 1011
883 1573
884 1428
885 1530
886 2519
887 1305
887 1427
888 1345
888 832
888 1296
888 1037
889 1619
890 832
890 1296
890 1037
893 1389
894 1149
895 1666
896 896
897 1005
897 1394
898 1598
898 882
899 850
900 1202
901 1399
901 1109
902 3443
902 3167
902 3444
903 1536
904 1565
905 1072
906 869
907 1118
907 1037
908 2537
909 1507
912 1241
912 3609
913 3894
913 843
914 1165
915 882
915 3684
915 1412
918 1328
920 920
920 1507
921 1395
921 1373
922 1284
923 607
925 1117
926 1399
927 1167
927 1573
927 1344
927 1338
928 2537
929 1669
929 1664
930 1273
931 1092
932 969
932 1006
932 1053
932 1106
933 1285
933 1070
934 1427
935 1165
935 1167
935 863
935 1076
935 1322
935 1512
936 1489
936 1476
936 969
936 1004
937 1534
937 1034
938 1463
938 1034
939 1162
939 1162
940 1561
940 1463
940 969
941 1598
941 882
943 1167
943 1322
944 2986
945 3903
946 1053
946 1106
946 1483
946 1561
946 1489
946 1476
946 876
946 1006
946 969
947 1171
947 1328
948 945
949 1567
949 1463
949 1034
949 969
950 1092
950 1284
951 868
952 1619
953 1427
953 1050
954 1195
955 1465
955 1119
955 882
956 1345
956 832
956 1463
956 1034
956 969
958 1200
958 1167
960 1341
960 868
961 1447
962 1555
962 1027
962 1528
964 1565
965 1118
966 914
967 3903
969 1167
970 1427
970 868
971 473
971 265
972 924
974 865
976 1209
976 1328
977 917
977 1207
977 1063
978 1585
978 1403
979 1256
979 1223
980 864
981 1463
981 1534
982 916
983 1149
983 1664
983 1476
984 1463
984 969
985 1542
987 1666
989 963
989 989
990 1328
990 957
991 1260
992 1630
992 1076
993 1053
994 1328
995 1149
995 1664
995 1095
996 1008
996 2843
997 1328
998 1260
998 991
1000 1555
1000 1218
1001 585
1001 682
1003 1106
1003 1489
1003 1324
1003 969
1004 1630
1004 1149
1004 1076
1006 1489
1006 1118
1006 969
1008 2535
1009 1159
1010 1280
1010 1092
1010 1427
1010 975
1010 1340
1010 918
1010 1061
1010 1154
1010 850
1011 975
1011 1162
1012 1399
1013 850
1014 1167
1014 917
1014 1280
1014 1328
1014 1322
1015 868
1016 994
1017 1287
1018 3903
1018 4028
1019 1491
1022 917
1023 1338
1024 1085
1025 3761
1025 2612
1025 945
1026 1212
1026 918
1026 963
1026 1573
1026 1586
1027 1555
1028 3124
1029 1555
1030 1328
1030 1165
1030 1345
1030 1395
1030 1063
1032 969
1033 1542
1034 1167
1034 1298
1034 1463
1034 969
1035 1619
1035 4028
1035 3844
1036 1427
1036 1340
1036 1162
1036 1162
1037 832
1037 1296
1038 1167
1038 1463
1038 969
1038 1322
1039 1095
1039 1476
1039 1037
1040 882
1041 1053
1042 1048
1042 1476
1043 1060
1043 1669
1044 1328
1044 1165
1044 1345
1044 1395
1044 1063
1045 1167
1045 1561
1045 969
1046 1413
1047 942
1047 2233
1047 1447
1048 1387
1049 1619
1050 1427
1051 1167
1051 1200
1051 832
1051 1410
1051 969
1052 1031
1053 1165
1053 969
1053 1322
1053 1076
1054 850
1054 2537
1055 975
1055 829
1056 1021
1057 3903
1058 832
1058 1458
1059 849
1061 1485
1061 1427
1061 1328
1062 1666
1063 917
1063 1395
1063 1328
1063 1070
1064 1616
1064 914
1065 832
1065 1296
1066 1287
1067 2657
1067 969
1068 3903
1069 1167
1069 1463
1069 1298
1069 969
1070 1338
1070 882
1071 1447
1073 1144
1073 999
1074 916
1075 963
1076 1322
1076 1167
1077 1582
1077 1005
1078 1345
1078 1298
1078 969
1079 994
1079 1005
1079 1385
1079 904
1080 1022
1080 1427
1080 1340
1081 969
1081 1322
1081 1463
1081 1002
1082 1530
1083 1173
1083 915
1084 924
1086 1472
1086 1505
1087 963
1088 1465
1090 963
1090 1573
1091 1472
1091 1505
1093 1555
1093 1218
1094 1322
1094 1167
1095 1314
1095 914
1095 1476
1095 1149
1095 1664
1095 1322
1096 1590
1096 910
1096 3825
1098 1463
1098 969
1099 1259
1100 903
1100 1536
1101 1669
1102 1095
1102 1002
1102 1149
1102 1175
1103 914
1104 1021
1105 942
1105 942
1105 1005
1106 1463
1106 1639
1106 993
1106 969
1106 1076
1108 1085
1110 1085
1111 850
1112 1555
1113 1260
1113 991
1114 1167
1114 1298
1114 1463
1114 969
1115 942
1116 1144
1116 999
1117 882
1117 3684
1117 1412
1117 1455
1118 1619
1119 916
1119 891
1120 832
1120 1296
1121 1332
1122 916
1123 1447
1124 1053
1124 1593
1124 969
1125 942
1125 2233
1125 1447
1126 1534
1126 1463
1126 1583
1126 1034
1127 1379
1128 963
1129 1144
1129 868
1130 975
1130 1080
1131 1395
1131 1373
1132 1118
1132 1619
1133 1149
1133 1409
1134 964
1135 1565
1136 850
1137 1002
1137 1476
1138 1465
1138 1190
1138 1119
1138 882
1139 1341
1140 1020
1141 1630
1141 1076
1143 1079
1143 1214
1143 1169
1143 1579
1143 1097
1145 1328
1146 1165
1147 1630
1149 1630
1149 1664
1149 1619
1150 1522
1151 868
1151 1384
1152 1585
1152 1107
1153 1002
1155 1630
1155 1342
1156 1409
1157 1664
1157 1476
1157 1095
1157 1630
1157 914
1157 1322
1157 1149
1157 1619
1158 1180
1158 1500
1158 1092
1158 795
1158 931
1159 1341
1159 868
1160 868
1160 1427
1160 1160
1160 826
1161 1280
1161 1427
1161 1447
1161 1317
1162 1447
1163 1004
1164 1555
1166 286
1168 901
1168 1109
1168 1012
1169 1070
1170 1175
1170 1671
1171 3124
1172 687
1174 1476
1174 1149
1175 1048
1175 1095
1175 1002
1176 1625
1177 975
1177 1162
1177 1162
1177 1080
1179 882
1180 1167
1180 1322
1182 1319
1183 964
1184 1212
1184 918
1184 963
1184 1573
1184 1586
1185 3903
1186 435
1187 827
1188 1578
1189 1463
1189 969
1190 1465
1190 1119
1190 882
1191 868
1192 1005
1193 1345
1193 832
1193 1309
1194 1534
1194 1034
1196 1471
1196 3609
1197 908
1197 969
1197 1322
1198 1670
1199 4366
1200 1167
1201 1381
1203 1190
1203 1410
1203 1669
1203 1360
1204 1583
1205 1667
1205 1193
1205 1345
1205 1037
1205 1373
1206 969
1206 1322
1206 1076
1207 1167
1207 917
1207 1280
1207 1328
1207 1322
1208 1630
1208 1664
1208 1619
1209 1328
1209 1165
1210 1085
1211 1167
1211 1463
1211 1298
1211 969
1213 1390
1214 3903
1215 942
1215 942
1215 1077
1215 1005
1216 999
1217 917
1217 1395
1218 1555
1219 1142
1219 1461
1221 1465
1222 1224
1224 1410
1224 585
1224 682
1225 1149
1226 868
1226 1227
1226 1504
1231 944
1231 1298
1232 1619
1233 1465
1234 1048
1234 1095
1234 1476
1235 1328
1236 882
1237 1522
1238 1395
1238 832
1238 1328
1238 1063
1238 1165
1239 1427
1240 914
1240 1441
1240 1322
1240 1478
1240 1118
1242 1598
1242 882
1243 3903
1244 2067
1244 1461
1245 1053
1245 1639
1245 969
1246 1053
1246 1106
1246 1483
1246 1561
1246 1489
1246 1476
1246 876
1246 1006
1246 969
1247 1834
1248 1273
1249 1119
1250 1624
1250 1328
1251 1630
1251 1664
1251 1619
1252 1167
1252 1571
1252 1005
1253 969
1254 1667
1254 1338
1255 1410
1255 1034
1255 1583
1255 969
1256 942
1256 1530
1256 869
1256 1117
1257 832
1258 1666
1258 1381
1259 1328
1261 1360
1261 914
1261 1669
1261 1119
1262 986
1262 1162
1263 1507
1263 1122
1264 1342
1265 1237
1266 1167
1266 832
1266 1298
1266 1463
1266 1034
1266 969
1267 868
1269 1167
1269 1463
1269 969
1269 1322
1270 1118
1271 1236
1272 942
1272 2233
1272 1447
1274 2888
1275 1395
1276 1834
1277 1476
1277 1095
1278 1476
1278 1048
1278 1322
1278 1594
1281 1463
1281 1345
1281 969
1281 1410
1281 1167
1281 832
1281 1298
1282 1497
1283 868
1286 1053
1287 1328
1288 1285
1288 882
1288 1070
1289 1322
1290 1476
1290 1095
1291 1155
1292 1583
1292 1463
1292 1034
1292 969
1293 1303
1294 1085
1296 832
1296 1458
1297 1341
1297 1159
1297 1580
1298 1167
1298 1211
1298 969
1299 1167
1299 1211
1299 969
1300 1305
1300 992
1300 1060
1301 1149
1301 1664
1301 1476
1302 1630
1302 1149
1302 1076
1303 1345
1303 1252
1303 1572
1303 1583
1303 969
1304 1447
1306 969
1307 1341
1307 1159
1308 1342
1310 1381
1311 1619
1312 609
1313 2921
1315 911
1316 3903
1320 969
1321 1015
1321 1427
1321 868
1322 1167
1322 1165
1323 1342
1324 969
1325 969
1326 916
1326 891
1327 945
1329 1598
1330 1178
1331 1085
1333 1167
1333 1165
1334 1327
1334 945
1335 1328
1336 1228
1337 865
1339 1598
1339 882
1342 1630
1342 882
1344 1167
1344 1573
1344 927
1344 1338
1344 1300
1345 832
1345 1309
1346 1165
1347 832
1347 1296
1348 1338
1349 1567
1349 1034
1349 969
1350 863
1351 832
1352 1007
1353 1089
1354 832
1355 1171
1355 1328
1356 1411
1356 1476
1356 1095
1356 1261
1356 1037
1356 969
1357 1167
1357 1583
1357 1463
1357 1034
1358 1565
1359 1031
1360 1342
1361 1328
1361 1606
1361 1070
1362 1079
1362 1280
1362 1395
1362 1447
1362 1271
1362 1052
1362 1080
1363 1142
1364 1167
1364 1463
1364 1298
1364 969
1365 1008
1366 1259
1366 1328
1367 1260
1368 964
1369 1295
1369 1476
1369 1037
1369 969
1369 1322
1369 1076
1370 1583
1370 1463
1370 1298
1370 1211
1370 1034
1371 1106
1371 1118
1371 1324
1371 1561
1371 946
1371 1489
1371 969
1372 882
1372 3684
1372 1412
1373 1395
1373 1345
1373 832
1373 1328
1373 1063
1373 1165
1374 1341
1375 1154
1376 465
1377 1670
1378 1167
1378 1165
1378 1322
1378 1076
1378 1512
1379 1154
1380 1171
1381 1666
1381 1381
1382 1632
1383 1427
1383 1085
1384 868
1385 1085
1386 1285
1386 1070
1388 2831
1388 2930
1388 3002
1388 1388
1391 969
1392 219
1393 868
1393 1619
1394 942
1394 942
1394 1005
1395 1070
1396 916
1396 1122
1396 1119
1397 4366
1397 1031
1398 882
1400 2537
1401 1202
1401 1181
1402 1060
1402 945
1402 1342
1402 882
1403 882
1404 1555
1405 2888
1406 607
1407 1165
1407 969
1408 1426
1408 1118
1408 1496
1409 1619
1410 1669
1411 1200
1412 1005
1414 1578
1415 1345
1415 1298
1415 969
1416 1021
1417 1070
1418 963
1419 1427
1420 868
1421 1236
1421 3124
1422 2511
1423 1619
1424 265
1425 973
1425 1504
1427 1236
1427 3124
1428 942
1428 1447
1429 1528
1430 1656
1430 1464
1431 1387
1431 1095
1431 1630
1431 1149
1431 1076
1432 2779
1432 2442
1432 2442
1433 1305
1433 1655
1434 973
1434 868
1435 969
1436 1085
1437 1008
1438 1173
1438 1674
1439 1295
1439 864
1440 1472
1440 1505
1441 914
1441 1465
1441 1167
1441 1165
1441 969
1441 1441
1441 1322
1441 1095
1442 1228
1442 1148
1443 1465
1443 1119
1443 882
1444 1303
1444 1292
1444 1572
1444 1527
1444 1583
1444 1463
1444 1034
1445 1280
1445 1427
1445 1447
1445 1317
1447 1598
1447 882
1448 1328
1449 1395
1449 969
1449 1322
1450 1167
1450 1398
1450 1005
1450 882
1450 1571
1450 1398
1451 1236
1451 3124
1452 832
1452 1296
1452 1037
1453 973
1453 1504
1454 1360
1454 1585
1454 4028
1455 1085
1456 1328
1457 1530
1459 968
1460 1034
1462 1053
1462 1106
1462 1476
1463 1167
1463 1200
1463 832
1463 1410
1463 969
1464 1656
1466 1567
1466 1463
1466 1034
1466 969
1467 1048
1467 1476
1468 914
1469 1284
1470 1598
1471 3609
1473 1447
1473 1338
1473 882
1473 1070
1474 969
1475 1142
1475 1461
1476 1076
1476 1322
1476 1512
1477 1427
1478 1465
1479 1389
1480 1167
1480 1211
1480 969
1481 1565
1482 1395
1482 1501
1482 990
1482 2511
1482 957
1482 3762
1483 969
1484 986
1484 1085
1485 1427
1486 715
1487 916
1487 1122
1487 1119
1488 1273
1489 1106
1489 1483
1489 1476
1489 1076
1490 1535
1492 1664
1492 1476
1492 1095
1492 1630
1492 914
1492 1322
1492 1149
1493 1119
1494 1092
1495 1167
1495 1200
1495 832
1495 1296
1495 1410
1495 969
1498 1360
1498 1585
1499 1072
1500 1360
1500 1180
1500 1305
1500 795
1500 919
1501 957
1502 1154
1504 1118
1504 1619
1505 1159
1506 1167
1508 1171
1509 1410
1509 969
1509 1463
1509 1167
1509 1583
1510 1167
1511 1034
1512 1322
1513 3903
1514 973
1514 1504
1515 2921
1515 1237
1515 2657
1516 1053
1516 1167
1516 1252
1516 1328
1517 964
1518 1395
1519 1318
1520 992
1521 1260
1521 991
1523 1536
1524 1167
1524 1165
1524 1512
1525 1916
1525 903
1525 61
1525 2149
1526 903
1527 1583
1527 1463
1527 1298
1527 1211
1527 1034
1529 1048
1529 1095
1529 1476
1531 1463
1531 1298
1532 1532
1533 1165
1534 2843
1534 1211
1534 1298
1534 1463
1537 1011
1537 1162
1537 1080
1538 945
1539 1563
1540 975
1540 1162
1541 1394
1543 868
1543 1322
1544 1381
1545 1229
1546 1598
1546 882
1547 999
1548 1318
1549 1455
1549 1427
1549 1485
1550 1379
1551 1619
1552 1446
1553 1345
1554 1072
1556 1552
1557 1232
1557 969
1558 1167
1558 1409
1558 1048
1558 1650
1558 1296
1558 1037
1558 1522
1558 1463
1558 969
1558 1322
1558 1076
1558 1065
1559 1273
1560 924
1560 1279
1560 969
1561 1167
1562 1562
1564 1260
1566 1005
1567 1034
1567 1211
1567 1298
1567 1463
1568 1268
1569 1342
1570 1118
1570 1619
1571 1167
1571 1005
1572 1167
1572 1345
1572 1252
1572 945
1572 832
1572 1296
1572 1410
1572 1309
1572 1037
1572 1583
1572 1255
1572 1567
1572 1463
1572 1534
1572 1034
1572 969
1572 1065
1573 1079
1573 1280
1573 1395
1573 1011
1573 1447
1573 1271
1573 1052
1573 1080
1574 1072
1575 999
1576 1085
1577 1118
1578 1171
1578 1360
1579 1097
1580 1341
1581 1298
1581 1345
1582 1005
1583 1167
1583 1345
1583 832
1583 1410
1583 1298
1583 1463
1583 1034
1583 969
1584 1389
1584 1020
1586 963
1586 1573
1587 1118
1588 1345
1588 832
1588 1296
1588 1037
1589 1476
1591 882
1592 1236
1593 2612
1593 2807
1594 1165
1594 1322
1595 1167
1595 1292
1595 1269
1595 1255
1595 1567
1595 1463
1595 1518
1595 1065
1596 2511
1597 1447
1597 2006
1597 1328
1598 1285
1598 1070
1599 988
1600 1236
1600 3124
1601 1360
1601 1410
1601 882
1601 1119
1601 1190
1602 969
1602 1463
1602 1106
1602 1076
1603 846
1604 1618
1605 1630
1605 1149
1605 1076
1607 1389
1607 1020
1608 1472
1608 1505
1609 1578
1610 1097
1611 1015
1611 1668
1612 868
1613 3903
1614 3903
1614 4366
1615 1118
1615 1630
1615 1004
1617 4049
1619 1118
1620 1230
1621 1118
1622 1167
1622 1298
1622 1463
1622 969
1623 1476
1624 965
1624 1236
1624 1427
1625 1122
1625 1119
1626 1593
1626 2657
1627 3124
1628 1399
1629 868
1631 1619
1632 1644
1633 1670
1634 1305
1634 919
1634 1664
1634 1149
1634 1300
1635 1598
1636 1427
1637 850
1638 3894
1638 843
1639 1053
1640 1171
1641 283
1642 708
1642 206
1643 2511
1645 1260
1646 1387
1647 3443
1647 3444
1648 161
1649 1167
1649 1503
1650 969
1651 1491
1652 1021
1653 1548
1654 1173
1654 1083
1657 1072
1658 1387
1659 1342
1660 1427
1661 914
1662 1079
1663 1165
1664 1630
1664 1342
1665 1491
1667 1338
1668 1079
1668 1427
1668 1050
1668 1477
1672 1591
1672 1585
1672 1618
1672 1403
1672 1455
1673 1630
1673 1664
1673 1619
1674 1548
1674 1173
1675 969
1677 2136
1678 2233
1678 2233
1678 2021
1678 2275
1679 1912
1679 2040
1680 2035
1681 2033
1682 2035
1682 2019
1682 1947
1683 2092
1684 2067
1685 1897
1686 2180
1687 2233
1687 2233
1687 2021
1687 2275
1688 2020
1689 1841
1689 2123
1691 1841
1692 2045
1693 1848
1694 2225
1696 1775
1697 2192
1698 1881
1699 2061
1699 2030
1700 2150
1701 2083
1702 2147
1704 2241
1705 2091
1705 1705
1706 1926
1707 2271
1708 1815
1709 2088
1709 2187
1710 2070
1711 2040
1712 1962
1713 2072
1714 1756
1715 2019
1716 1773
1716 2244
1716 1947
1716 1682
1717 1783
1718 2066
1719 2165
1720 2020
1721 1942
1722 2092
1722 2087
1724 2040
1725 2203
1726 2233
1727 1734
1728 1632
1730 2009
1731 2123
1731 1703
1732 2169
1732 1827
1733 2147
1735 2232
1736 1848
1736 1693
1737 2018
1738 2147
1739 2165
1740 2147
1741 2035
1741 1812
1742 2147
1743 1778
1746 2030
1746 2041
1747 2165
1748 1806
1749 1809
1750 1907
1750 1806
1751 2040
1753 1806
1754 1834
1755 1855
1757 1908
1758 2152
1758 1930
1758 2047
1758 2025
1760 1942
1761 1752
1761 2013
1762 2147
1764 1764
1764 2147
1765 1962
1766 2252
1767 1767
1768 2212
1768 1744
1770 1770
1770 2077
1772 1881
1774 2147
1776 2004
1779 1881
1780 2068
1781 1809
1781 1752
1781 1927
1782 2147
1785 2035
1787 2068
1788 1987
1789 1928
1790 2201
1791 2151
1791 2152
1791 2167
1792 1809
1792 2061
1792 2030
1793 1886
1794 1794
1794 1987
1797 2151
1798 1818
1799 2035
1800 2165
1801 2244
1802 2147
1802 1698
1803 2212
1803 2141
1803 2154
1803 2240
1803 2047
1804 2147
1804 2049
1805 1885
1805 1937
1806 2253
1807 1771
1808 2040
1811 1908
1811 2043
1812 1848
1813 2233
1813 2233
1813 2021
1813 2275
1814 2212
1814 1810
1814 1948
1815 1916
1816 1957
1817 2020
1818 1834
1818 1806
1818 2097
1819 1796
1819 1756
1820 2203
1821 2088
1822 1834
1823 2039
1825 2016
1826 2063
1827 1927
1828 2099
1829 2097
1830 1705
1831 2041
1831 2203
1832 1738
1833 2147
1835 2147
1836 2019
1837 1747
1838 2244
1839 1976
1840 1775
1841 2165
1842 2147
1843 1932
1844 2212
1845 2244
1845 1881
1846 1916
1846 2004
1847 2147
1849 2151
1849 2152
1850 2151
1850 2152
1850 2167
1851 2152
1851 1972
1852 1916
1853 2235
1854 2147
1856 2123
1857 2040
1858 2151
1858 2167
1859 1825
1860 2152
1861 1841
1861 1873
1861 1834
1861 1979
1863 1699
1864 2244
1865 2165
1867 1690
1868 2147
1869 1729
1870 1912
1871 1855
1872 2020
1873 1834
1873 1806
1874 2061
1875 2147
1877 1942
1877 2040
1878 1957
1878 1698
1879 2203
1880 1916
1880 2004
1882 1756
1883 2109
1884 2240
1886 2040
1887 1698
1888 3312
1889 2013
1890 2157
1890 1962
1891 2020
1893 1912
1893 2040
1895 2152
1895 1947
1895 1930
1896 1894
1896 1773
1898 1916
1898 2004
1898 1815
1899 1911
1899 1752
1899 2041
1900 2249
1900 2184
1901 1903
1902 2212
1902 2092
1904 185
1905 1834
1905 1806
1906 1881
1907 2165
1908 2123
1909 2193
1910 2147
1912 2040
1913 1976
1914 2141
1915 2030
1917 1927
1917 2203
1918 2123
1919 1908
1920 2132
1921 2489
1921 1939
1923 1938
1923 1923
1924 2018
1925 2029
1926 2040
1929 2147
1929 2028
1930 2019
1930 1930
1931 1903
1933 2147
1934 2147
1934 2049
1935 1773
1935 1758
1936 2147
1937 1885
1938 2226
1938 1938
1939 2489
1939 1939
1940 2066
1941 2225
1943 1806
1944 2212
1944 2092
1944 2035
1944 2222
1945 2233
1945 2233
1945 2021
1946 2171
1949 1949
1950 2123
1951 2102
1951 2001
1952 1952
1952 2251
1953 2171
1954 2249
1955 1756
1956 1938
1956 1923
1957 1783
1958 1976
1960 1767
1961 1810
1961 2025
1964 1962
1965 1775
1966 1869
1966 1729
1967 1777
1968 1825
1969 2040
1970 1987
1973 2020
1974 1783
1975 2233
1975 2233
1975 1687
1975 2107
1976 2012
1976 2082
1977 473
1981 2247
1982 2147
1983 2020
1984 2147
1985 2225
1986 2147
1988 2040
1989 1989
1990 1744
1991 2020
1992 2274
1993 1769
1994 1892
1995 1775
1997 1752
1998 2092
1998 2087
1999 2035
1999 2222
2000 1855
2001 1855
2002 2019
2003 2033
2004 1916
2005 2018
2008 1752
2010 2233
2010 2233
2010 1687
2010 2107
2011 1912
2011 2040
2012 2009
2013 1752
2014 2067
2015 2001
2017 2147
2019 1810
2019 2025
2021 2233
2022 2147
2023 2147
2023 1887
2024 2147
2026 2233
2027 2123
2027 1834
2028 2147
2030 2061
2031 2133
2032 2047
2034 1767
2036 2040
2037 2169
2037 1827
2038 2221
2042 2257
2043 1908
2043 1757
2044 2118
2046 2030
2048 2152
2049 2147
2050 1773
2050 2144
2051 1809
2051 2211
2052 1720
2054 1752
2055 2152
2056 1773
2057 1770
2057 2077
2059 1947
2060 1948
2062 2001
2064 2233
2064 2233
2064 2021
2065 1723
2067 1142
2069 1795
2071 2097
2073 2035
2074 1866
2075 1745
2076 2152
2077 2077
2078 2058
2079 2198
2080 1818
2080 2097
2081 2040
2083 1841
2084 2028
2085 1891
2086 2020
2088 2088
2089 1891
2090 1752
2093 2151
2093 2152
2094 2233
2094 2233
2094 1687
2094 2107
2095 2147
2096 2012
2096 2082
2097 2227
2098 1911
2098 1752
2098 2041
2100 2053
2100 1763
2100 2041
2101 2233
2101 2233
2101 2021
2101 2275
2103 2147
2103 2224
2104 1957
2104 1698
2106 1916
2107 2233
2107 2021
2107 1687
2107 2233
2108 1932
2110 1825
2110 1937
2111 2035
2112 2147
2113 1786
2113 2020
2114 1947
2115 2088
2116 1818
2117 1976
2119 1881
2120 2040
2121 1687
2121 2010
2122 2147
2123 2039
2124 2147
2125 1932
2126 1957
2126 1698
2127 2489
2127 1939
2128 2233
2129 1767
2130 2147
2131 1752
2132 2132
2134 2134
2136 2165
2137 1816
2137 1881
2138 2020
2138 1775
2139 2233
2139 2233
2139 1687
2139 2107
2139 2010
2140 1783
2143 2249
2145 2210
2146 1895
2148 1927
2149 1916
2151 2152
2153 1825
2154 2019
2155 2225
2156 2244
2158 1942
2159 1996
2160 2152
2160 2147
2160 2028
2160 1881
2161 1771
2162 2147
2163 2147
2164 2147
2166 2233
2166 1726
2168 2040
2170 1922
2172 2212
2172 1773
2173 1987
2174 1810
2174 2025
2175 2147
2175 1959
2176 1687
2176 2233
2176 2021
2176 2233
2177 2035
2178 1752
2179 1825
2181 1964
2182 2040
2183 2039
2183 2171
2184 2020
2185 1752
2185 1927
2186 2040
2187 1778
2188 1773
2189 1826
2190 1848
2191 2253
2191 2097
2194 1809
2195 1806
2196 2147
2196 1881
2197 1747
2199 2061
2199 1980
2200 1784
2202 2147
2202 2040
2203 1752
2204 2061
2204 2030
2205 2035
2206 2099
2207 2066
2208 2151
2208 2047
2209 2252
2212 2151
2212 2152
2213 1930
2213 2088
2213 1962
2214 2171
2215 2040
2216 1942
2217 1824
2218 2147
2219 2020
2219 1775
2220 2035
2220 2222
2222 2035
2223 2151
2223 2152
2223 2167
2228 2198
2228 2198
2229 2147
2230 2007
2230 1908
2231 1942
2231 2040
2233 2233
2233 1726
2234 2040
2236 1916
2236 2004
2236 1815
2237 1996
2238 2147
2239 2147
2240 1744
2241 1942
2241 2123
2242 1752
2243 2232
2245 1932
2246 2040
2247 1876
2248 1881
2250 2066
2251 2251
2254 2147
2255 2225
2256 1806
2257 1855
2258 2097
2259 1895
2260 2035
2261 2123
2262 1963
2263 1942
2264 1942
2264 2040
2265 453
2266 1881
2267 1916
2268 1916
2269 2067
2270 2061
2272 1978
2273 2040
2274 1892
2275 2233
2275 2233
2275 2021
2276 2147
2277 2952
2278 2527
2278 2405
2279 2484
2280 2854
2280 2545
2281 2575
2283 2796
2284 2352
2286 2532
2288 2455
2288 2288
2291 2985
2292 2964
2293 2299
2293 2676
2294 2429
2294 2312
2294 2312
2295 2368
2297 2737
2298 2370
2298 2298
2298 2695
2301 2317
2301 2954
2301 2665
2302 2580
2302 2872
2303 2691
2303 2778
2304 2876
2305 2448
2306 2509
2307 2891
2307 2810
2308 2989
2309 2355
2311 2425
2314 2457
2315 2596
2316 2682
2316 2392
2318 2303
2318 2691
2319 2319
2320 2452
2322 2682
2323 2579
2324 2885
2325 2688
2326 2969
2327 2979
2328 2328
2329 2470
2330 2954
2331 2665
2332 2673
2336 2753
2337 2448
2338 2629
2339 2310
2341 2544
2342 2468
2343 2535
2344 2646
2344 2355
2345 2845
2346 2333
2347 2766
2348 2380
2350 2969
2350 2940
2351 2891
2352 2672
2353 2350
2354 2643
2356 2873
2356 2704
2357 2773
2359 2588
2360 2692
2361 2370
2362 2334
2363 2790
2364 2665
2365 2369
2365 2734
2366 2448
2367 2988
2369 2369
2371 2495
2372 2651
2373 2952
2373 2872
2374 2872
2375 2626
2376 2615
2378 2400
2379 2934
2379 2287
2382 2492
2383 2392
2384 2986
2384 2921
2384 2612
2385 2289
2385 3777
2386 2812
2386 2847
2386 2969
2386 2809
2387 2580
2389 2815
2391 2737
2398 2398
2399 2292
2400 2580
2401 2989
2401 2308
2402 2370
2402 2298
2403 2368
2404 2753
2405 2370
2405 2695
2406 2733
2406 2809
2407 2562
2408 2408
2409 2824
2410 2587
2410 2298
2412 2527
2412 2405
2413 2457
2414 2788
2414 2394
2417 2480
2418 2863
2419 2732
2420 2612
2424 2335
2426 2737
2426 2891
2427 2534
2428 3501
2430 973
2432 2532
2433 2667
2436 2682
2437 2969
2438 2854
2438 2545
2439 2516
2439 2988
2440 2778
2441 2955
2443 2443
2443 2392
2444 2320
2448 2580
2449 2773
2450 2807
2451 2419
2453 2815
2454 2580
2455 2468
2456 2290
2459 2320
2460 2665
2460 2610
2461 2390
2462 2333
2463 2952
2464 2824
2465 2303
2465 2691
2466 2631
2469 2300
2471 2299
2472 2665
2472 2610
2474 2989
2475 2484
2476 2383
2476 2682
2476 2993
2476 2443
2476 2443
2476 2827
2476 2392
2477 4366
2478 2872
2479 2822
2481 2704
2482 2448
2483 2665
2483 2954
2484 2704
2484 2739
2485 2574
2486 2737
2486 2891
2488 2876
2488 2787
2489 2574
2490 2918
2491 2872
2493 2370
2493 2695
2494 2737
2495 2495
2496 2393
2497 2387
2500 2939
2501 2734
2501 2947
2501 2558
2501 2501
2503 2636
2504 2457
2506 2405
2506 2695
2507 4125
2507 2778
2508 2792
2508 2800
2508 2543
2508 2647
2510 2733
2510 2809
2512 2734
2512 2947
2513 2513
2514 2652
2515 2377
2516 2988
2517 2665
2518 2477
2518 4366
2520 3005
2521 2282
2521 2473
2522 2487
2523 2400
2525 2638
2527 2587
2527 2298
2528 2393
2530 2970
2531 2388
2532 2873
2533 2299
2533 2676
2536 2976
2539 2313
2540 2891
2540 2737
2540 2841
2541 2541
2543 2800
2544 2341
2545 2469
2545 2542
2546 2422
2546 2392
2548 2669
2549 2394
2550 2737
2551 2976
2551 2551
2552 2964
2553 2457
2554 2824
2556 2372
2556 2651
2556 2651
2557 2976
2557 2557
2558 2734
2558 2947
2559 2893
2559 2918
2561 2470
2561 2742
2563 2392
2564 2812
2564 2282
2564 2558
2566 2529
2567 2686
2568 2695
2571 2465
2572 2387
2576 2692
2577 2547
2578 4274
2578 3793
2578 3998
2580 2448
2581 2415
2581 2489
2582 2282
2583 2395
2584 2446
2585 2587
2585 2298
2586 2448
2586 2964
2589 2818
2591 2535
2591 2807
2592 2392
2593 2383
2594 2815
2595 2872
2595 2373
2595 2818
2596 2435
2597 2682
2598 2665
2599 2599
2600 2303
2600 2465
2601 2682
2602 2891
2604 2665
2604 2861
2604 2655
2605 2826
2606 2300
2607 2869
2607 2707
2607 2922
2608 2527
2608 2405
2609 2394
2610 2665
2611 2873
2611 2704
2613 2883
2614 2349
2616 2836
2617 2640
2618 2618
2619 2437
2620 2580
2621 2300
2622 2542
2622 2854
2623 2853
2624 2952
2624 2392
2625 2285
2627 2383
2628 2567
2630 2630
2631 2580
2632 2492
2633 2807
2634 2827
2634 2392
2635 2570
2636 2636
2637 2411
2638 2638
2639 2538
2641 2532
2642 2429
2642 2312
2642 2312
2644 2792
2645 2737
2646 2560
2647 2800
2647 2792
2649 2499
2650 2891
2650 2737
2650 2841
2652 2519
2653 2665
2653 2383
2653 2392
2653 2593
2654 2527
2654 2405
2655 2665
2655 2682
2656 2468
2657 2612
2658 2658
2659 2659
2660 2352
2661 2341
2662 2535
2663 2299
2663 2676
2665 2383
2665 2682
2665 2993
2665 2443
2665 2443
2665 2827
2665 2392
2666 2587
2666 2412
2668 2891
2668 2737
2669 2982
2670 2732
2671 2392
2671 2443
2671 2671
2674 4274
2674 3793
2674 3998
2675 2395
2676 2299
2676 2471
2677 2648
2678 2524
2679 3000
2680 2969
2681 2381
2681 2839
2682 2392
2683 2840
2684 2969
2684 2995
2684 2510
2685 2971
2685 2929
2686 3894
2687 2435
2689 2669
2690 2510
2691 2864
2691 2607
2693 2370
2694 2580
2695 2370
2696 2778
2698 2665
2698 2392
2699 2423
2700 2370
2701 2993
2701 2392
2703 2607
2703 2691
2704 2739
2704 2484
2705 2445
2706 2527
2706 2405
2708 2737
2708 2891
2709 2590
2710 2303
2710 2465
2711 2955
2712 2573
2712 2850
2713 3688
2714 2714
2715 2443
2717 2480
2718 3903
2719 3903
2720 2646
2720 2355
2721 2625
2721 2505
2722 2377
2723 973
2724 2413
2725 2567
2726 2726
2727 2818
2727 2302
2728 2448
2729 2688
2730 708
2730 2843
2730 1534
2731 2557
2734 2876
2734 2947
2734 2369
2735 2396
2736 2952
2736 2392
2738 2702
2740 2891
2741 2468
2743 2511
2744 2304
2744 2839
2745 2527
2747 2526
2748 973
2748 2723
2749 2749
2749 2749
2750 2297
2750 2534
2751 2733
2751 2510
2752 2416
2755 2580
2756 2448
2756 2907
2756 2646
2757 2292
2758 2516
2758 2988
2759 2378
2759 2988
2760 2308
2760 2401
2761 2893
2762 2448
2763 2934
2763 2934
2763 2287
2764 2734
2764 2947
2765 2900
2767 2716
2767 2541
2768 2734
2768 2501
2768 2768
2769 2390
2770 2434
2771 2815
2772 2778
2775 2629
2775 2775
2776 2419
2778 2778
2780 2321
2781 2612
2781 2657
2782 2527
2782 2405
2783 2892
2784 2498
2784 2392
2784 2952
2785 2669
2786 2313
2788 2296
2789 2742
2789 2462
2791 2695
2791 2405
2792 2800
2793 2734
2793 2947
2793 2501
2794 2340
2795 2448
2796 2796
2797 2383
2798 2894
2799 2387
2800 2800
2801 2872
2802 2370
2802 2695
2803 2367
2804 2969
2805 2441
2806 2467
2808 4274
2808 3793
2808 3998
2810 2891
2811 2814
2813 2390
2814 2774
2816 2676
2816 2471
2817 2876
2818 2448
2818 2872
2819 2570
2820 2989
2821 2285
2823 2381
2825 2665
2828 2845
2829 2850
2830 2845
2831 2930
2831 2964
2832 2832
2833 2833
2834 2599
2835 2580
2837 2599
2838 2565
2839 2873
2842 2988
2844 2358
2845 3001
2846 2411
2847 2969
2848 2457
2849 2733
2849 2809
2850 2469
2850 2545
2850 2447
2852 2524
2855 2646
2855 2355
2856 4274
2856 3793
2856 3998
2857 2563
2857 2392
2858 2746
2859 2349
2860 2575
2862 2640
2865 4274
2865 3793
2865 3998
2866 2397
2866 2930
2866 2448
2866 2937
2867 2299
2868 2999
2869 2707
2869 2607
2869 2754
2870 2299
2871 2501
2872 2985
2873 2532
2874 2425
2875 2297
2877 2964
2878 2766
2879 2548
2880 2607
2881 2489
2882 2939
2884 2373
2884 2818
2886 2723
2887 2587
2887 2412
2888 2535
2889 2737
2890 2976
2891 2737
2893 2918
2894 2651
2894 2894
2895 2937
2896 2962
2898 2937
2899 2648
2900 2900
2901 2372
2901 2651
2901 2651
2901 2980
2902 3997
2903 2603
2904 2448
2905 2807
2906 2906
2906 2502
2906 2906
2907 2448
2907 2580
2908 2448
2909 2902
2910 2947
2910 2369
2911 2383
2912 2383
2912 2665
2912 2422
2913 2652
2914 2457
2915 2510
2916 2665
2916 2443
2917 2851
2919 2388
2920 2580
2920 2448
2923 2448
2924 2349
2925 2734
2925 2947
2926 2900
2927 2965
2928 2891
2929 2971
2931 2854
2932 2441
2932 2989
2933 2398
2934 2287
2935 2352
2936 2569
2937 2831
2937 2448
2937 2397
2938 2732
2941 2320
2942 2839
2943 2545
2944 2826
2945 2381
2945 2823
2945 2681
2946 2383
2946 2392
2947 2734
2947 2947
2948 2824
2949 2648
2950 2604
2951 2431
2952 2392
2953 2580
2953 2448
2953 2631
2953 2831
2954 3764
2956 2854
2957 2847
2958 2669
2959 2421
2960 2955
2961 2542
2961 2854
2963 2795
2966 2980
2966 4167
2967 2416
2968 2989
2969 2607
2969 2777
2969 2969
2969 2733
2970 2352
2971 2971
2971 2929
2972 2672
2973 2734
2975 2631
2977 2734
2977 2501
2977 2768
2978 2833
2980 3688
2981 2686
2983 2697
2983 2897
2984 2769
2987 2448
2987 2964
2990 2692
2991 2991
2992 2992
2993 2952
2994 2704
2996 2448
2996 2580
2997 2510
2998 2664
3000 1287
3000 2458
3002 1388
3003 2832
3004 2555
3006 2618
3007 3265
3010 3388
3011 3073
3012 3012
3013 3444
3015 3576
3016 3016
3018 3167
3019 3381
3020 3213
3022 3267
3023 3177
3025 3515
3027 3167
3027 3427
3029 3518
3030 3339
3031 3671
3032 3334
3033 3657
3035 3572
3035 3060
3036 3607
3037 3167
3038 3615
3039 3238
3040 3167
3041 3320
3042 3087
3043 3052
3043 3311
3043 3069
3044 3122
3045 3190
3046 3482
3047 3047
3048 3671
3049 3648
3053 3625
3053 3051
3053 3313
3053 3174
3054 3291
3055 3635
3055 3648
3056 3443
3056 3444
3057 3443
3057 3113
3057 3018
3057 3444
3058 3530
3059 3303
3060 3035
3061 3456
3063 3631
3063 3167
3064 3628
3065 3328
3067 3130
3067 3621
3068 3628
3068 3420
3070 3070
3071 3402
3072 3246
3075 3539
3076 3088
3076 3448
3076 3480
3077 3272
3078 3648
3079 3167
3081 3547
3082 3444
3083 3671
3085 3304
3086 3542
3088 3303
3088 3102
3089 3273
3091 3555
3092 3009
3093 3349
3094 3494
3095 3200
3096 3188
3097 3414
3097 3500
3097 3443
3097 3523
3097 3395
3098 3178
3100 3119
3101 3167
3101 3052
3102 3480
3104 1491
3106 3264
3106 3062
3106 3560
3106 3193
3106 3126
3108 3651
3109 3449
3110 3371
3111 3358
3112 3340
3112 3034
3114 3028
3115 3052
3117 3498
3117 3599
3117 3324
3119 3100
3120 3190
3123 3498
3123 3051
3123 3324
3125 3256
3125 3405
3127 3668
3129 3623
3129 3275
3129 3635
3129 3623
3130 3621
3133 3133
3134 3368
3135 3416
3136 3254
3137 3533
3138 3213
3139 3161
3139 3042
3139 3087
3141 3474
3142 3671
3143 3303
3145 3275
3145 3128
3145 3290
3146 3557
3147 3147
3148 3346
3149 3542
3150 3651
3151 3202
3152 3291
3153 3051
3154 3154
3155 3147
3155 3147
3156 3156
3156 3156
3156 3156
3157 3303
3157 3102
3158 3008
3159 3022
3160 3074
3161 3042
3163 3444
3164 3100
3164 3119
3165 3320
3165 3295
3165 3173
3165 3183
3165 3260
3166 3440
3167 3443
3168 3598
3168 3585
3169 3466
3169 3073
3170 3288
3171 3467
3172 3443
3174 3571
3174 3292
3174 3483
3175 3147
3176 3561
3179 3310
3180 3180
3182 3625
3182 3324
3183 3260
3184 3275
3185 3312
3187 3388
3191 3571
3192 3303
3192 3102
3194 3194
3195 3167
3196 3648
3197 3621
3198 3322
3199 3444
3199 3018
3201 3448
3203 3443
3204 3204
3206 3026
3206 3601
3208 3272
3209 3376
3210 3520
3210 3444
3212 3442
3214 3124
3215 3167
3215 3444
3215 3216
3216 3443
3217 3444
3218 3022
3219 3333
3220 3443
3221 3433
3221 3609
3222 3391
3223 3291
3223 3419
3224 3629
3224 2974
3225 3140
3226 3547
3227 3526
3228 3120
3228 3190
3229 3443
3230 3124
3231 3643
3232 3411
3232 3271
3232 3318
3232 3232
3233 3311
3234 3275
3235 3162
3236 3383
3237 3167
3239 3571
3239 3292
3239 3483
3240 3167
3241 3444
3242 3462
3244 3167
3245 3556
3247 3167
3248 3205
3249 3469
3250 3648
3251 3564
3251 3193
3252 3167
3253 3478
3254 1491
3254 1019
3254 3104
3255 3640
3258 3400
3258 3444
3259 3615
3262 3602
3263 3400
3266 3410
3267 3454
3268 3268
3269 3423
3270 3444
3271 3017
3272 643
3276 3635
3276 3648
3277 3428
3278 3124
3279 3482
3279 3443
3279 3073
3279 3539
3279 3167
3279 3260
3280 3444
3280 3018
3281 3062
3282 3639
3282 3285
3282 3327
3282 3525
3284 3443
3286 3167
3286 3240
3287 3120
3287 3662
3287 3190
3289 3062
3289 3193
3290 3379
3290 3128
3292 3051
3293 3515
3294 3456
3295 3173
3295 3183
3295 3260
3296 3167
3297 397
3297 3297
3298 643
3298 3468
3299 3443
3300 3503
3301 3021
3302 3167
3302 3444
3303 3457
3306 3261
3311 3069
3313 3571
3313 3483
3314 3130
3314 3621
3315 3074
3316 3235
3316 3162
3317 3062
3317 3440
3318 3232
3318 3271
3319 3103
3321 3124
3323 3651
3324 3051
3325 3207
3326 3326
3327 3396
3329 3121
3330 3122
3331 3320
3332 3502
3332 3408
3335 3381
3336 3132
3337 3124
3338 3285
3338 3327
3338 3525
3339 3339
3341 3443
3341 3444
3342 3609
3343 3497
3344 3466
3344 3274
3344 3087
3345 3167
3347 3323
3347 3211
3350 3621
3351 3178
3352 3443
3353 3381
3354 3124
3355 3275
3355 3623
3356 3514
3357 3349
3358 3311
3359 3443
3359 3444
3360 3240
3360 3443
3360 3444
3361 3348
3362 3311
3363 3243
3364 3651
3364 3652
3364 3087
3365 3442
3366 3556
3367 3643
3369 3369
3372 3482
3372 3443
3372 3073
3372 3539
3372 3167
3372 3260
3373 3275
3373 3635
3374 3327
3374 3525
3375 3124
3377 3611
3380 3124
3382 3382
3383 3236
3384 3441
3385 3425
3385 3193
3386 3444
3387 3247
3387 3167
3389 3389
3390 3454
3391 3648
3392 3648
3393 3167
3394 3312
3397 3124
3398 3623
3398 3275
3400 3207
3400 3325
3401 3539
3403 3110
3403 3305
3403 3612
3404 3421
3406 3443
3406 3444
3407 3050
3409 3555
3410 3396
3411 3411
3412 3647
3413 3413
3413 3257
3415 3613
3417 3537
3417 3124
3418 3615
3419 3291
3424 3444
3425 3238
3425 3593
3425 3193
3425 3102
3425 3480
3426 3555
3426 3503
3427 3443
3429 3443
3430 3399
3431 3173
3432 3432
3434 3021
3435 3498
3435 3051
3435 3324
3436 3480
3437 3494
3438 3161
3438 3042
3438 3087
3439 3459
3439 3422
3440 3062
3442 3340
3443 3443
3443 3167
3444 3167
3445 3464
3446 3444
3446 3444
3447 3100
3447 3119
3449 3425
3449 3193
3450 3651
3450 3274
3450 3556
3451 3264
3452 3452
3453 3395
3455 3130
3455 3621
3460 708
3460 3307
3461 3273
3463 3560
3465 3443
3467 3438
3467 3161
3467 3042
3467 3087
3468 3272
3470 3181
3471 3471
3472 3444
3473 3346
3475 3107
3476 3072
3477 3167
3479 3623
3479 3275
3479 3648
3479 3604
3481 3422
3483 3489
3483 3324
3483 3599
3483 3483
3483 3483
3485 3443
3486 3243
3487 3193
3488 3643
3488 3309
3490 3116
3491 3090
3492 3107
3493 3338
3495 3066
3496 3291
3497 3459
3499 3648
3503 3383
3504 3213
3505 3167
3506 3100
3507 3411
3507 3271
3508 3275
3509 3614
3510 3509
3511 708
3511 3307
3512 3444
3513 3303
3513 3189
3515 3066
3515 3541
3516 3238
3518 3458
3518 3674
3519 3147
3520 3464
3521 3100
3521 3119
3522 3444
3524 3650
3526 3410
3527 3444
3528 3090
3529 3264
3529 3062
3529 3560
3529 3193
3531 3213
3532 3549
3534 3411
3534 3271
3535 3443
3535 3444
3536 3275
3536 3623
3536 3604
3537 3124
3537 3354
3538 3651
3538 3274
3538 3556
3540 3012
3541 3066
3543 3443
3543 3381
3544 3324
3544 3599
3544 3292
3544 3313
3544 3174
3544 3606
3544 3483
3545 3549
3546 3283
3551 3167
3551 3444
3553 3024
3554 3443
3556 3274
3556 3651
3558 3381
3559 3167
3559 3240
3559 3240
3562 3444
3563 3555
3564 3561
3564 3176
3565 3587
3566 3100
3566 3119
3567 3665
3568 3128
3568 3379
3569 3414
3570 3124
3572 3035
3573 3382
3574 3574
3574 3574
3575 3194
3576 3576
3577 3100
3577 3119
3578 3275
3578 3635
3579 3492
3579 3555
3579 3517
3580 3655
3581 3443
3581 3444
3582 3571
3582 3292
3582 3483
3583 3444
3584 3080
3586 3339
3588 3144
3589 3459
3589 3422
3590 3021
3591 3444
3592 3456
3593 3457
3593 3088
3593 3448
3593 3102
3593 3480
3594 3484
3594 3444
3595 3533
3596 3501
3597 3669
3597 3105
3597 3378
3598 3661
3600 3186
3601 3026
3603 3444
3604 3275
3604 3290
3604 3128
3605 3014
3606 3498
3606 3599
3606 3483
3608 3414
3608 3370
3610 3131
3611 3611
3612 3371
3615 3615
3616 3414
3616 3370
3617 3213
3618 3651
3618 3556
3619 3443
3620 3018
3622 3560
3623 3623
3623 3275
3624 3552
3625 3599
3625 3606
3625 3483
3626 3182
3626 3625
3626 3051
3626 3550
3626 3606
3627 3099
3629 2974
3630 3656
3631 3167
3632 3425
3633 3190
3634 3167
3635 3275
3635 3623
3635 3604
3636 643
3636 3468
3637 3458
3639 3327
3639 3525
3641 3390
3642 3560
3644 3167
3644 3240
3645 3444
3646 3611
3649 3548
3650 3547
3653 3621
3654 3084
3655 3648
3658 3325
3658 3400
3658 3444
3659 3303
3659 3189
3660 3308
3663 3194
3664 3411
3664 3271
3664 3232
3666 3124
3667 3670
3669 3669
3669 3105
3670 3670
3672 3639
3672 3285
3672 3327
3672 3525
3673 3623
3673 3275
3675 3443
3676 3009
3676 3124
3676 3118
3677 3331
3677 3320
3677 3260
3678 3107
3679 3623
3680 3323
3680 3651
3680 3245
3680 3150
3681 3903
3681 3761
3681 4366
3682 3878
3683 3940
3684 1319
3685 3743
3685 4438
3685 4458
3686 3914
3687 4203
3690 3690
3692 3786
3694 3753
3696 2746
3696 973
3696 4179
3696 1193
3697 4438
3697 3860
3697 3889
3697 4171
3697 3932
3697 3747
3698 4095
3698 4391
3699 3831
3699 4099
3700 4366
3701 4457
3701 3978
3701 4302
3702 3921
3704 4274
3704 3998
3705 4274
3707 4069
3708 3758
3709 3709
3710 4263
3712 4203
3712 3852
3712 3812
3712 4121
3712 4327
3713 4398
3714 3968
3715 4335
3716 3826
3717 4366
3718 3969
3718 3718
3719 3831
3720 4070
3720 4115
3720 3744
3722 3894
3722 4137
3725 4348
3726 4274
3727 3727
3728 4326
3729 3896
3729 4135
3730 3890
3731 4027
3732 3732
3734 3797
3735 4313
3736 4248
3736 4064
3737 4331
3738 4368
3740 3789
3741 3878
3742 3923
3742 3923
3742 4203
3742 4121
3743 3932
3746 4102
3747 3860
3747 4100
3747 3897
3747 3932
3748 4248
3748 4064
3748 4240
3750 4309
3751 3998
3751 4366
3752 3945
3752 3849
3753 3706
3754 3968
3755 4271
3756 3935
3757 3968
3757 4274
3759 4274
3760 3831
3762 4366
3762 2511
3762 957
3763 4330
3763 3798
3764 4037
3765 4274
3766 3863
3768 3768
3769 4457
3770 4390
3771 3985
3772 3998
3772 4366
3772 4182
3773 4102
3773 4402
3773 3977
3774 4274
3774 4231
3774 4149
3775 3935
3776 3935
3778 3932
3779 4207
3781 3780
3782 4056
3783 4282
3784 4143
3785 3898
3785 3868
3787 4200
3787 3747
3787 4458
3787 3932
3788 3885
3789 4333
3790 3706
3791 4446
3795 4049
3796 4132
3799 4017
3801 3724
3802 4095
3802 3753
3803 3774
3804 3914
3805 4125
3806 3945
3806 3849
3807 4337
3808 3709
3809 4354
3810 3810
3813 4394
3814 4443
3815 4366
3816 4000
3816 3914
3817 4271
3819 3767
3820 3688
3821 3771
3822 3826
3827 4253
3829 4274
3829 4391
3829 4375
3829 3717
3830 4145
3832 3968
3832 4274
3833 1429
3833 4125
3834 4032
3835 3835
3836 3693
3838 4108
3840 4269
3841 4366
3843 3945
3843 3806
3846 3812
3848 4027
3849 3945
3849 3806
3850 4265
3852 3812
3853 3853
3854 3839
3855 3893
3856 4362
3858 4104
3859 4457
3859 4231
3859 4383
3860 3932
3861 3792
3862 4372
3863 3831
3864 4125
3865 3831
3867 3923
3868 4439
3868 3898
3868 3873
3869 4039
3870 4446
3871 4336
3872 4257
3873 3873
3873 4439
3873 4010
3875 4269
3876 3761
3877 4274
3879 3789
3879 4321
3880 3968
3880 3880
3880 3832
3881 4167
3881 2538
3882 3923
3882 3896
3883 3914
3884 4274
3886 3886
3887 3761
3888 4336
3889 3932
3889 4458
3890 3890
3891 4265
3892 3831
3895 4210
3896 4203
3899 3789
3901 4309
3902 3706
3904 4146
3905 4132
3906 4336
3907 4439
3907 3898
3907 3868
3907 3785
3907 4010
3908 4309
3910 4099
3911 4248
3912 4270
3912 4034
3913 3932
3915 3943
3917 4203
3918 3758
3919 3925
3920 4382
3922 4067
3923 3923
3924 4366
3927 4277
3928 3823
3929 4066
3930 2019
3931 3837
3932 4171
3933 1296
3933 4378
3934 4274
3936 4451
3937 3969
3937 3937
3938 4028
3939 4274
3940 3683
3941 4336
3944 3997
3945 4449
3946 4104
3947 3947
3948 4248
3948 4080
3949 3900
3950 3950
3952 3887
3954 4125
3955 4039
3956 4017
3957 4377
3958 4067
3959 3851
3960 4173
3960 4047
3961 4211
3963 3724
3964 3976
3964 4175
3965 4120
3966 2019
3966 3935
3967 3721
3967 3893
3967 2105
3970 3995
3971 4016
3972 4207
3972 4149
3973 4098
3974 3831
3976 4175
3977 4402
3978 1199
3978 4366
3979 4248
3980 4212
3981 3688
3982 4203
3982 4080
3983 4071
3984 4179
3985 4203
3986 4274
3987 4234
3987 4064
3988 3761
3988 4274
3988 4024
3989 4400
3989 4075
3991 4366
3992 3826
3993 4203
3994 3998
3994 4366
3994 4182
3996 3871
3996 4336
3996 2149
3999 4231
4001 4001
4001 4080
4002 4336
4003 4070
4003 4115
4003 3744
4004 4370
4005 3794
4006 4231
4006 4174
4007 4033
4009 3710
4011 4274
4011 1171
4011 4211
4011 3847
4012 4203
4012 4080
4013 3761
4014 4274
4015 3800
4015 4357
4017 4099
4018 4274
4018 4275
4018 3717
4019 3886
4020 4017
4021 3711
4022 4274
4023 3845
4025 4025
4026 4458
4026 3932
4027 4210
4029 4277
4030 3745
4031 4201
4031 4131
4031 4427
4034 4309
4035 4318
4035 4035
4036 3923
4036 4274
4036 3896
4036 4121
4036 3998
4038 2527
4038 3831
4040 3923
4042 3898
4043 3831
4044 4274
4044 4366
4045 4070
4046 4312
4048 2612
4050 4050
4051 4248
4051 4274
4051 3771
4052 3866
4053 4137
4054 4302
4057 3774
4058 4288
4058 3935
4059 4108
4060 3985
4062 3885
4063 4411
4063 4137
4065 3703
4066 4066
4068 3842
4070 4336
4071 4203
4072 4150
4073 3706
4074 3812
4076 4319
4078 4433
4078 4078
4079 4274
4079 3726
4079 3825
4080 4080
4081 4113
4083 4093
4084 3896
4084 4135
4085 3706
4086 3753
4087 4294
4088 3940
4090 4090
4091 4173
4092 3969
4094 4450
4095 4149
4095 4366
4095 3753
4095 4211
4095 3706
4096 4314
4098 4137
4100 4171
4101 4439
4103 3797
4105 4125
4106 3789
4106 4333
4107 3857
4108 4108
4109 4289
4111 4127
4112 4112
4114 3995
4114 4017
4114 3831
4115 4070
4116 957
4116 3762
4117 4248
4117 4274
4117 3771
4118 3923
4118 4203
4118 3985
4119 3921
4119 3702
4121 4203
4121 3793
4122 4264
4123 4121
4124 3998
4127 3734
4128 3818
4129 4299
4130 3734
4133 3887
4133 3771
4134 4344
4135 3923
4136 4032
4138 3940
4140 3753
4141 4200
4142 4203
4142 3896
4142 3771
4144 4041
4147 4274
4148 4082
4151 3926
4152 3976
4152 4175
4153 4032
4154 4104
4155 4131
4156 4248
4157 4458
4157 3692
4157 4199
4157 3786
4158 4102
4159 4274
4160 3826
4161 3695
4161 4271
4162 4203
4163 3743
4163 3860
4163 4100
4164 4125
4164 3874
4165 3739
4168 3921
4169 3828
4170 3923
4170 4203
4172 3794
4174 4457
4174 3978
4176 3857
4177 4394
4178 4178
4180 4098
4180 4137
4181 3723
4183 4080
4184 4411
4184 4131
4185 4185
4186 3761
4187 3844
4188 3995
4189 3914
4190 4008
4191 4377
4192 4288
4192 3935
4193 3702
4194 3717
4195 4457
4195 4231
4195 4383
4196 3684
4197 4336
4199 3786
4199 3692
4200 4171
4202 4201
4204 3683
4205 4248
4205 3812
4205 4121
4205 3806
4206 4121
4208 2612
4208 1193
4208 973
4208 959
4208 2746
4209 3968
4209 4283
4213 3945
4214 3975
4215 4231
4215 4174
4215 4095
4216 3997
4217 4391
4218 4248
4218 4274
4218 3771
4219 4289
4220 4293
4221 4366
4223 4258
4224 3761
4224 4274
4224 4366
4225 4039
4226 4226
4227 3710
4228 4203
4228 3983
4229 3753
4230 3761
4230 4366
4232 3753
4233 3957
4233 4197
4233 4377
4234 4248
4234 4064
4235 3706
4236 3976
4236 4175
4237 3691
4239 4372
4241 3990
4242 3993
4243 4457
4243 4274
4243 4231
4243 4366
4243 4306
4243 4095
4243 1226
4243 1227
4243 3717
4244 3935
4245 4444
4246 3733
4248 4203
4248 4080
4250 3706
4251 4366
4252 3872
4254 3688
4255 4248
4256 4198
4257 4203
4259 3953
4260 4203
4261 4203
4262 3935
4265 4265
4266 4266
4267 4267
4273 4326
4274 3998
4274 4366
4274 4182
4275 3968
4275 3853
4275 3853
4276 3935
4278 3926
4279 3811
4280 4139
4280 3792
4281 3826
4283 3968
4285 4269
4286 4258
4287 4238
4290 3945
4291 4258
4292 4264
4293 3839
4295 4249
4296 3935
4297 3797
4300 4338
4301 4404
4302 4457
4302 3774
4302 4231
4303 3962
4303 4424
4304 4222
4305 3943
4306 4457
4306 3774
4306 4274
4306 4231
4307 4274
4307 3884
4308 3831
4310 4171
4311 4203
4311 4135
4314 4089
4314 4055
4315 4410
4316 3976
4316 4175
4317 3909
4320 4295
4322 3951
4323 4385
4324 3885
4325 4325
4327 3923
4327 3923
4327 4203
4327 4121
4328 4444
4329 3903
4332 4274
4334 3900
4337 3935
4339 3786
4339 3692
4340 4248
4341 4203
4341 3793
4342 4056
4343 4041
4345 4370
4346 4274
4347 4385
4349 3903
4349 4366
4349 3824
4350 3831
4351 4149
4352 4454
4352 4272
4353 4263
4354 4354
4355 4298
4356 4274
4357 3800
4358 4366
4359 3789
4359 4333
4360 3812
4361 3761
4363 4166
4364 4335
4365 4268
4366 3903
4366 3761
4366 4366
4367 3831
4369 3893
4370 3985
4370 3771
4371 4110
4373 3712
4374 4203
4375 3717
4376 4313
4379 4457
4379 4231
4379 4306
4380 4149
4380 4366
4380 3753
4380 4211
4380 3706
4381 3780
4383 4457
4384 4271
4386 4392
4387 3896
4387 4135
4388 3749
4389 4037
4390 4390
4393 3844
4395 4132
4396 4196
4397 4444
4398 453
4399 4272
4399 4126
4401 4048
4402 4102
4403 3789
4403 4321
4405 4331
4406 3717
4407 3863
4408 4203
4408 3983
4408 4408
4409 4041
4409 4409
4411 4098
4411 4137
4412 4319
4413 3753
4414 4457
4414 3978
4415 4149
4416 3828
4416 3942
4416 4331
4417 3797
4418 4344
4419 3689
4420 4077
4421 4182
4422 4203
4422 4135
4423 4274
4425 3706
4426 4457
4426 4231
4428 4210
4429 4061
4430 4430
4431 3830
4432 4284
4434 4110
4435 4248
4435 3812
4435 4121
4435 3806
4436 3872
4437 4097
4438 3860
4438 3747
4438 3932
4439 4010
4440 4411
4441 4248
4442 4173
4443 3893
4445 4337
4445 3945
4447 4265
4448 4263
4452 3789
4452 4321
4453 4110
4455 3943
4456 4171
4457 4207
4457 4149
4459 4247
4460 3916
4461 4302
4462 4061
4463 4463
